# YOLOv5 🚀 by Ultralytics, GPL-3.0 license
# Training on the MIDOG2022-Dataset, to detect mitosis.
lr0: 0.0006
lrf: 0.2
momentum: 0.9
weight_decay: 0.001
warmup_epochs: 0.0
warmup_momentum: 0.8
warmup_bias_lr: 0.1
box: 0.02
cls: 0.52
cls_pw: 0.5
obj: 0.95
obj_pw: 1.15
iou_t: 0.15
anchor_t: 4.0
fl_gamma: 2.0
hsv_h: 0.06231
hsv_s: 0.05543
hsv_v: 0.11652
hed_add_h: 0.01866
hed_mul_h: 1.68551
hed_add_e: 0.005
hed_mul_e: 1.05087
hed_add_d: 0.01916
hed_mul_d: 1.1346
degrees: 360.0
translate: 0.15793
scale: 0.01934
shear: 0.59533
perspective: 6.0e-05
flipud: 0.5
fliplr: 0.5
mosaic: 0.06152
mixup: 0.5
copy_paste: 0.0
anchors: 3.0
